286851
32204
152441
107997
28768
73033
29598
53878
377039
7108
137262
69089
92095
37036
32772
16884
46922
34499
57130
294000
55729
79944
105670
55768
357358
55673
28648
99709
108775
71557
25885
189475
110683
439797
46501
37413
40961
35393
136589
71933
2886
67256
27210
79595
13546
30366
31371
26217
66703
52253
34881
117317
81611
37779
35775
63860
38641
251917
21761
49304
11107
66241
52543
65340
31562
18816
126440
141789
34011
106627
44888
137911
26339
39835
126611
74652
147109
27733
58836
97340
21882
129345
4627
142335
59635
59636
230557
226863
59224
50969
27144
22176
26306
77585
71373
15242
33919
39087
54678
43023
20155
185285
4957
3470
110078
29544
16531
64138
42720
33671
89204
50144
43509
407007
13949
2496
69214
10744
90674
37868
222433
47907
175824
95569
49200
71739
82925
29782
81211
135350
155186
27643
383346
88939
29014
13483
101823
142464
13796
83524
66575
32614
76930
97579
173314
18391
355637
124249
182624
87782
269331
13285
30951
52262
19710
108522
394077
174991
140132
30081
28649
28603
377581
21363
24799
59473
73469
121185
248023
255338
368078
80413
24476
13982
96475
15411
18914
73488
146486
68955
426903
400708
22782
173579
402559
42169
95068
77397
80118
221743
261889
78814
89207
200296
145064
116849
102617
66596
69173
117565
82102
105726
96886
76616
83203
68460
307214
33159
138429
195589
101104
149363
229524
80536
53914
32058
60989
34382
52488
17394
37336
8688
132765
104248
118761
60992
22015
74301
128473
92072
136997
119466
64203
75302
63689
98919
51537
108248
111291
38298
31717
26210
52035
49387
28148
83561
177558
66121
185446
78579
155018
150384
150863
60260
20048
44833
32844
187281
35526
48532
38643
92816
15072
30358
318235
5170
70165
36944
55578
236170
95222
27520
131018
37636
17126
177933
532289
42603
29679
8782
14106
178742
56103
106251
68159
26512
64446
95086
15521
39301
5247
53932
8701
68960
33170
129926
145352
45940
280271
9836
191533
26257
104628
97496
26110
4470
108364
87085
31516
8629
142559
168462
222055
44383
63786
106715
187373
121490
24088
16371
64015
146047
76951
146427
185926
264017
100526
48760
176615
35889
42094
108105
87075
110506
73166
99476
31750
50719
53198
24672
76491
59780
25723
27208
81902
456858
33489
35988
132764
76864
98415
96988
280166
59163
114392
155021
158832
79563
47195
180090
46877
222188
251626
131021
185342
64934
33665
389431
69630
124190
8739
73825
9272
128956
54257
43908
150987
31128
95743
135887
74730
46660
158086
358796
331557
350750
497077
312577
470351
579298
637486
847160
285039
199020
1072593
839492
56087
461834
400420
132383
250031
324621
353131
485151
620763
1133190
142367
810787
808027
529278
1179225
894666
1581225
101034
242484
278113
218535
74281
316717
88099
227607
51011
169969
172369
189616
203325
232480
359220
482376
486718
489552
184723
371738
768828
1052873
198154
386849
9869
47559
369715
298447
969481
91392
103876
789516
222564
207176
199792
632249
499050
262312
928301
160974
347822
93006
125640
333017
64642
229850
52125
447123
315055
540346
265954
37449
329638
126104
89831
252816
305531
2041603
133174
2549237
373817
68884
937635
1365025
43083
240552
64583
188119
231054
520150
1269015
844554
92886
80998
1506604
774665
1122161
362983
914720
104295
203111
879716
666723
37305
140806
653438
222970
